-1893,224,-336,580,-306,-191,-564,208,498,198,-2,-210,-74,67,112,56,-140,-144,-44,64,39,-19,-11,-39,57
-24,570,-421,322,-864,-496,-328,69,663,118,134,-71,47,205,238,79,-122,-127,-42,-43,-21,-8,-64,-106,67
-890,-560,144,50,-892,-208,-241,-123,603,204,-186,-81,41,189,153,25,-138,-256,-70,66,37,22,13,45,53
-554,-588,-82,621,-1104,32,-392,148,418,196,27,-361,-110,22,73,60,-172,-155,-16,-30,-50,-17,-85,-91,46
-526,-682,-151,800,-695,-338,-939,-218,286,26,-62,-80,45,71,121,30,-68,-142,-115,-79,46,101,-25,-81,14
-986,450,435,579,-1043,-42,-466,-41,460,-143,-189,-109,-13,73,52,102,-197,-184,-60,-29,-4,22,-23,-83,-9
-882,292,-343,959,-1226,-119,-393,79,255,208,-116,-182,125,103,126,58,-91,-153,-46,-21,14,1,34,-5,46
-524,-224,-715,634,-835,-227,-388,77,534,-198,-152,-143,42,67,-44,175,-152,-149,-49,98,-11,17,3,-12,28
-16,268,-161,407,-644,148,-726,183,366,187,-294,-295,12,99,179,19,-216,-227,-26,73,27,30,-71,-2,-2
-991,113,-543,-76,-1190,75,-640,-3,320,80,-89,-141,-13,108,26,40,-123,-133,-64,-5,20,10,-46,-45,-7
